Prediction Result (CNN) for C:\Users\iremo\PycharmProjects\pythonProject1\pdp_dt_age.png: [[[[1. 1. 1.]
   [1. 1. 1.]
   [1. 1. 1.]
   ...
   [1. 1. 1.]
   [1. 1. 1.]
   [1. 1. 1.]]

  [[1. 1. 1.]
   [1. 1. 1.]
   [1. 1. 1.]
   ...
   [1. 1. 1.]
   [1. 1. 1.]
   [1. 1. 1.]]

  [[1. 1. 1.]
   [1. 1. 1.]
   [1. 1. 1.]
   ...
   [1. 1. 1.]
   [1. 1. 1.]
   [1. 1. 1.]]

  ...

  [[1. 1. 1.]
   [1. 1. 1.]
   [1. 1. 1.]
   ...
   [1. 1. 1.]
   [1. 1. 1.]
   [1. 1. 1.]]

  [[1. 1. 1.]
   [1. 1. 1.]
   [1. 1. 1.]
   ...
   [1. 1. 1.]
   [1. 1. 1.]
   [1. 1. 1.]]

  [[1. 1. 1.]
   [1. 1. 1.]
   [1. 1. 1.]
   ...
   [1. 1. 1.]
   [1. 1. 1.]
   [1. 1. 1.]]]]